-0.09964813 0.00000000 0.00000000
0.00000000 0.00000000 0.00000000 1.00000000
-0.02733711 -0.01383358 -0.02648958
-0.69804380 -0.33120690 -0.11286080 0.62473930
-0.06648636 0.00000000 -0.00000002
0.00000000 0.00000000 0.00000000 1.00000000
-0.06167625 -0.00000004 -0.00000002
0.00000000 0.00000000 0.00000000 1.00000000
-0.14395790 -0.00000526 -0.04215961
0.00000000 0.00000000 0.00000000 1.00000000
-0.05578705 0.00000004 0.00000001
0.00000000 0.00000000 0.00000000 1.00000000
-0.03414364 -0.00000015 -0.00000001
0.00000000 0.00000000 0.00000000 1.00000000
-0.13855110 0.00393482 -0.00795294
0.00000000 0.00000000 0.00000000 1.00000000
-0.06914688 0.00000004 0.00000000
0.00000000 0.00000000 0.00000000 1.00000000
-0.03667591 -0.00000001 -0.00000003
0.00000000 0.00000000 0.00000000 1.00000000
-0.13236230 0.00224007 0.02867000
0.00000000 0.00000000 0.00000000 1.00000000
-0.06011619 0.00000007 -0.00000005
0.00000000 0.00000000 0.00000000 1.00000000
-0.03735706 0.00000009 -0.00000001
0.00000000 0.00000000 0.00000000 1.00000000
-0.07557449 0.00000000 -0.00000002
0.00000000 0.00000000 0.00000000 1.00000000
-0.04242126 0.00000001 0.00000003
0.00000000 0.00000000 0.00000000 1.00000000
-0.02934652 0.00000014 0.00000008
0.00000000 0.00000000 0.00000000 1.00000000
-0.15346000 0.00000000 0.00000002
0.00000000 0.00000000 0.00000000 1.00000000
-0.44250060 0.00000000 0.00000002
0.00000000 0.00000000 0.00000000 1.00000000
-0.52500000 0.42700000 0.54000000
0.00000000 0.00000000 0.00000000 1.00000000
0.09964821 0.00000000 -0.00000027
0.00000000 0.00000000 0.00000000 1.00000000
0.02733712 0.01383358 0.02648974
-0.69804380 -0.33120690 -0.11286080 0.62473930
0.06648561 0.00000004 0.00000029
0.00000000 0.00000000 0.00000000 1.00000000
0.06167620 -0.00000061 0.00000001
0.00000000 0.00000000 0.00000000 1.00000000
0.14395740 0.00000526 0.04215911
0.00000000 0.00000000 0.00000000 1.00000000
0.05578985 -0.00000105 0.00000026
0.00000000 0.00000000 0.00000000 1.00000000
0.03414099 0.00000418 0.00000042
0.00000000 0.00000000 0.00000000 1.00000000
0.13855060 -0.00393483 0.00795268
0.00000000 0.00000000 0.00000000 1.00000000
0.06914494 0.00000101 0.00000022
0.00000000 0.00000000 0.00000000 1.00000000
0.03667740 -0.00000303 0.00000006
0.00000000 0.00000000 0.00000000 1.00000000
0.13236170 -0.00224007 -0.02867056
0.00000000 0.00000000 0.00000000 1.00000000
0.06011695 -0.00000052 0.00000063
0.00000000 0.00000000 0.00000000 1.00000000
0.03735708 0.00000002 0.00000006
0.00000000 0.00000000 0.00000000 1.00000000
0.07557464 -0.00000001 -0.00000033
0.00000000 -0.06183246 0.00000000 0.99808660
0.04242127 0.00000005 0.00000005
0.00000000 0.00000000 0.00000000 1.00000000
0.02934631 0.00000045 -0.00000037
0.00000000 0.00000000 0.00000000 1.00000000
0.15346020 0.00000000 -0.00000022
0.00000000 0.00000000 0.00000000 1.00000000
0.44250070 0.00000000 -0.00000002
0.00000000 0.00000000 0.00000000 1.00000000
-0.25000000 0.00000000 0.00000000
0.00000000 0.00000000 0.00000000 1.00000000