0.08000000 0.02700000 0.02400000
0.50757720 -0.48919660 0.49230600 -0.51057520
-0.03000000 0.01000000 0.02737617
0.50303400 -0.22974640 -0.14073360 -0.82119880
-0.03565564 0.00000001 0.00000014
0.00000000 0.00000000 0.00000000 1.00000000
-0.03101622 -0.00000005 -0.00000011
0.00538186 0.01501998 -0.09276643 0.99556010
-0.08114121 0.00098589 0.02900029
0.00000000 0.00000000 0.00000000 1.00000000
-0.03872689 0.00000006 0.00000001
0.00000000 0.00000000 0.00000000 1.00000000
-0.02478419 -0.00000009 0.00000000
0.00000000 0.00000000 0.00000000 1.00000000
-0.08142906 -0.00275551 0.00444075
0.00000000 0.00000000 0.00000000 1.00000000
-0.04615962 0.00000005 0.00000001
0.00000000 0.00000000 0.00000000 1.00000000
-0.02818272 0.00000000 0.00000001
0.00000000 0.00000000 0.00000000 1.00000000
-0.07933114 -0.00160472 -0.01486896
0.00000000 0.00000000 0.00000000 1.00000000
-0.04375315 0.00000004 -0.00000002
0.00000000 0.00000000 0.00000000 1.00000000
-0.02499429 0.00000001 0.00000002
0.00000000 0.00000000 0.00000000 1.00000000
-0.07214709 0.00108435 -0.03260347
0.00000000 0.00000000 0.00000000 1.00000000
-0.02967926 -0.00000006 0.00000000
0.00000000 0.00000000 0.00000000 1.00000000
-0.02058375 -0.00000001 -0.00000001
0.00000000 0.00000000 0.00000000 1.00000000
-0.02856879 0.00000002 0.00000009
0.00000001 -0.00000001 1.00000000 -0.00000003
-0.02856879 0.00000002 0.00000008
-0.00000001 0.00000001 1.00000000 -0.00000006
-0.02856879 0.00000002 0.00000009
0.00000001 -0.00000001 1.00000000 -0.00000003
-0.11000000 0.02000000 0.02000000
0.50000010 0.50000000 0.50000000 0.49999990
-0.02736787 0.02016031 0.02737617
-0.63998490 0.33069880 0.23413530 0.65286930
-0.03565564 0.00000001 0.00000014
0.04046226 -0.02726050 -0.18318040 0.98186790
-0.03101623 -0.00000004 -0.00000011
0.00538187 0.01502001 -0.09276647 0.99556010
-0.08114121 0.00098589 0.02900030
0.00000000 0.00000000 0.00000000 1.00000000
-0.03872690 0.00000006 0.00000001
0.00000000 0.00000000 0.00000000 1.00000000
-0.02478419 -0.00000009 0.00000001
0.00000000 0.00000000 0.00000000 1.00000000
-0.08142906 -0.00275551 0.00444077
0.00000000 0.00584682 0.00000000 0.99998290
-0.04615961 0.00000005 -0.00000001
0.00000000 0.00000000 0.00000000 1.00000000
-0.02818272 0.00000000 0.00000000
0.00000000 0.00000000 0.00000000 1.00000000
-0.07933114 -0.00160472 -0.01486896
0.00000000 0.00000000 0.00000000 1.00000000
-0.04375315 0.00000004 -0.00000002
0.00000000 0.00000000 0.00000000 1.00000000
-0.02499429 0.00000001 0.00000002
0.00000000 0.00000000 0.00000000 1.00000000
-0.07214710 0.00108434 -0.03260347
0.00000000 0.00000000 0.00000000 1.00000000
-0.02967927 -0.00000006 0.00000000
0.00000000 0.00000000 0.00000000 1.00000000
-0.02058375 0.00000001 -0.00000001
0.00000000 0.00000000 0.00000000 1.00000000
-0.02856879 0.00000002 0.00000008
-0.00000001 0.00000001 1.00000000 -0.00000006
-0.02856879 0.00000002 0.00000008
-0.00000001 0.00000001 1.00000000 -0.00000006
-0.02856879 0.00000002 0.00000009
0.00000001 -0.00000001 1.00000000 -0.00000003